1
103
105
107
11
111
113
115
119
121
123
127
129
13
131
135
137
139
143
145
147
15
151
153
155
159
161
167
169
171
175
177
179
183
185
187
19
191
193
195
199
201
203
207
209
211
215
217
219
223
23
231
233
239
241
243
247
249
25
251
255
257
259
263
265
267
271
273
275
279
281
283
287
289
295
297
299
303
305
307
31
311
313
319
321
323
327
329
331
335
337
339
343
345
347
35
351
353
359
361
363
367
369
371
375
377
379
383
385
387
39
391
393
395
401
403
409
417
43
433
441
449
457
465
47
473
481
489
49
497
505
51
513
521
527
529
535
537
543
545
55
551
553
559
561
567
569
575
577
583
585
59
591
593
599
601
607
609
615
617
623
625
63
631
633
639
641
647
649
65
655
657
663
67
671
673
679
681
687
689
695
697
7
703
705
71
711
713
719
721
727
729
73
735
737
743
745
75
753
759
761
767
769
775
777
783
785
79
791
793
799
81
83
87
9
95
99
